111111100100000110010111001111111
100000101101100001100000001000001
101110100111001010101100001011101
101110101101000011100000001011101
101110100010111100011111001011101
100000101010011110100000001000001
111111101010101010101010101111111
000000000000110100101111000000000
111110111110101101101110110101010
010000001100000110010010010000011
101101101101100000101010011001010
100101000111001010010110111001111
100001101101000011000010010011011
000001001010111100111111111001101
011101110010011110100110100101010
100100011000110100011101001100101
000001100010101101101110100011000
000100000010000111010001011100111
111110110011100000101100000000110
100001000011001010011101011111110
110011110001000001011001000011010								
110010001110111100101110011001101
100000101110011110001100010011010
100111000110110110011110100011101
101111111100101011101001111111101
000000001110000010010111100011011
111111101011100101101111101011010
100000100001001110101111100011101
101110101111000101101110111111010
101110101110111010011010110000111
101110101110011101100011000001000
100000101010110010100110011100100
111111101100101101001001100101010